0.425212109531902 0.421987049665373 0.389012136829007
0.647078387896178 0.606574568140126 0.592747557374209
0.534526013469888 0.487595888649444 0.44708950573423
0.537758265323095 0.521729360241962 0.47543430406768
0.506046460017637 0.51247936224274 0.456790133070139
0.440673626346767 0.477384478849178 0.406991833147639
0.440169343707963 0.444618696007377 0.405068230864286
0.391970617327691 0.386796410106331 0.360799087039478
0.411767842237445 0.412575302263518 0.389630669313318
0.303104061450065 0.325727401858582 0.277102769271766
0.467312334030037 0.54089495568114 0.421757544177724
0.429001789020205 0.433025245928092 0.407399440344471
0.290434430603385 0.292339117421025 0.258924584935849
0.456793712840952 0.442406267865057 0.40515350727775
0.542507539689492 0.53219472828458 0.497282337497331
0.596015531230418 0.594243728533542 0.56730668859087
0.619888817293473 0.580357624511675 0.526655503405541
0.625782352962806 0.62759765366031 0.615245346243869
0.500387956309925 0.52018863121028 0.48958531112967
0.620777552176511 0.62149016449858 0.595596059959323
0.5570084990897 0.559701124826716 0.548600169017094
0.593905121148745 0.580941721980074 0.544286328887712
0.497466722731718 0.48623838764527 0.441867398800095
0.506105845279061 0.481891572527346 0.445924641822841
0.559528906487085 0.542849034683978 0.526622290486613
0.542098169644798 0.542686895940713 0.529298434136868
0.583443267986834 0.588775482614751 0.579383418544857
0.52702641524779 0.533224793817098 0.481720349169331
0.403586486938379 0.403209399721102 0.355291831352347
0.562715832601697 0.56610308528658 0.532597663393826
0.519644689902083 0.474232755616725 0.444386238019935
0.446272128337055 0.449097194779115 0.436153889913071
0.470287274985448 0.472222968458434 0.445052118651125
0.344350775577354 0.341820483253919 0.309173622345211
0.543583904312185 0.546028920222158 0.521695444346893
0.475952332593802 0.472483859127042 0.431652917534842
0.387124537739112 0.393896750325153 0.311008606374674
0.461075432368179 0.46977596258523 0.44330287608088
0.458781426548402 0.48116325679978 0.425469831400365
0.597464819288627 0.61685864404338 0.571576598118922
0.313707137111279 0.372853343386974 0.276805810519595
0.578196946228381 0.592291477268672 0.502843257301597
0.516726484528793 0.538026542648697 0.465999650458632
0.552927992964182 0.499857836594169 0.465248320373698
0.469291763434036 0.401880580143498 0.33307100426739
0.457727600422305 0.368176897348828 0.25938180061823
0.315575918070618 0.277591391765143 0.214619600142845
0.545427983771417 0.409683918133778 0.268620691594417
0.473264865620162 0.452358171318963 0.386983758655529
0.585492129803571 0.446971708562963 0.282857786196187
0.425552804215088 0.428102260749641 0.407100459184016
0.284460766468947 0.281165949739153 0.26353849854246
0.464195402709075 0.426369640861386 0.306864562020989
0.513334895021869 0.460403884667788 0.369291341648351
0.389604940386542 0.351091721947629 0.267349894586024
0.366380371521809 0.332493092989035 0.296567691951961
0.537212312421632 0.482181890858736 0.399870349569487
0.520898042287151 0.40435600788285 0.230913397449083
0.297608183161407 0.298716257415587 0.288873477488865
0.302073552501827 0.305758672400356 0.292314740371444
0.724060612982217 0.410390820126575 0.248917362667122
0.547733832035423 0.416608611652403 0.271920018186534
0.428912770610666 0.354454240687351 0.279364481449109
0.331111755686158 0.274803669578718 0.222169585531756
0.548700402599844 0.459021974168979 0.352947719556212
0.51465371070823 0.484592255452445 0.463111175568616
0.759115567330947 0.48605291009411 0.321996350580474
0.29362422269765 0.30231416501251 0.229978525701132
0.544641667104675 0.468640320851289 0.345395127748069
0.649825802512156 0.492062869427481 0.306212567872347
0.519130143811615 0.435664640148676 0.311987181608587
0.548270711137154 0.436223343955844 0.303727828402875
0.619844962397265 0.434346397658246 0.272828263361251
0.769269787318354 0.517199165686285 0.290025028113638
0.579678982159763 0.561454898889319 0.532676710357175
0.471219821504624 0.386541273027065 0.302931205024398
0.403730326671931 0.403558703158266 0.389449301468831
0.40548021814323 0.407521033586902 0.399421245150276
0.449917708531383 0.396556411888646 0.346835644827036
0.312096737736473 0.283521503823866 0.252023641195786
0.493215836819554 0.481036126268358 0.459637662303672
0.539413947176426 0.459833662866918 0.414409561686805
0.163829173769429 0.127636414683247 0.0729835778284353
0.69203614551909 0.548126103537354 0.426368808105034
0.188106790078995 0.19130278999334 0.180634207770763
0.316422301344891 0.26276551679237 0.164053250118262
0.22802947568146 0.215793202588423 0.174452787148991
0.246218518295008 0.222948569616592 0.180652614930651
0.389234893745697 0.349151507797303 0.262321830696956
0.151641524995344 0.128390772973098 0.100723708530086
0.141189783874852 0.148835384834014 0.139261660914159
0.179571740445635 0.193039454698163 0.178081009240135
0.144289367907647 0.140491003960243 0.119641661697166
0.19724900561321 0.27277112762348 0.176719236304024
0.156356634721268 0.190961900639838 0.148039669917012
0.189479821448386 0.189420295591734 0.180284482547914
0.205422574099634 0.209267377732441 0.19351925213721
0.215758399861914 0.237285584165603 0.204665403905216
0.223283099739769 0.229539295392954 0.204884981206744
0.185628809995499 0.190047815355638 0.175441074268672
0.174676831052771 0.214775303950661 0.141921030472177
0.241744421235417 0.244696488428688 0.214270480560979
0.231715103885814 0.269783078866785 0.18955542923615
0.27199960590076 0.2727465667186 0.258564379960984
0.264055975502687 0.274145197234557 0.251204987626538
0.203888561193857 0.21057511884082 0.177254958198876
0.328016670700668 0.3609540554261 0.312701383738237
0.299993673214727 0.30367633810427 0.291649324786009
0.152111697068762 0.18688808901019 0.128600746539032
0.243712624651189 0.251441198425074 0.24423841835992
0.178581257877388 0.271042249731301 0.143939264159183
0.219842842653824 0.226362383984603 0.204356375593447
0.166344703593895 0.171645879121414 0.15958394411145
0.225075786235554 0.231505011354687 0.218954962157172
0.286492107957236 0.302061720872616 0.281553030032655
0.234254210448562 0.300207107586281 0.211375051614671
0.248878861204607 0.29151566198398 0.216746914096964
0.236200967684511 0.273158856818036 0.20736779560309
0.187485953995944 0.272549506283633 0.155577272110817
0.180467396939912 0.22570103484577 0.169578664219877
0.280946707703169 0.310984337475269 0.259598187489577
0.198291421895782 0.253309535968694 0.137406225686489
0.216838452405595 0.255970982010084 0.196799349628104
0.349778594960505 0.388101350125162 0.328751226693367
0.216241257950931 0.205460415846077 0.172552967089253
0.180297157748495 0.202969425296456 0.163864181981272
0.274072033640761 0.303038306143298 0.256053641189297
0.204264231643833 0.232896017283263 0.152373496198846
0.238926579225087 0.270274762010131 0.240727658174499
0.158789721666871 0.159479600822028 0.156063039439557
0.196683737090384 0.24866739516625 0.172608859100005
0.221665378598075 0.227414522967961 0.219819990521719
0.362476193442595 0.376651155768482 0.362013040315574
0.400825521105399 0.406986879869597 0.390039174156607
0.363356092456287 0.366575409548492 0.346930070745356
0.292888769058494 0.303058649191329 0.297511204898943
0.194808521195596 0.194138465967627 0.18204462665586
0.223637886390836 0.230592678103331 0.208729784839552
0.272037350312046 0.285385688400742 0.250542243350441
0.254819636870644 0.254151604050959 0.244960829087898
0.235480135949097 0.277934801017736 0.199272571103874
0.179289219741906 0.195475872669174 0.165452767465659
0.217721498589397 0.225506678165193 0.221111325248459
0.387914174616245 0.385852864714296 0.368123719907484
0.317716393901109 0.333872753964191 0.32108157313515
0.2079548563863 0.221878445259032 0.200421937095099
0.312044198381165 0.328960432393054 0.287569478376562
0.253999945059711 0.275102910299595 0.233431631027939
0.292840361039894 0.317757090812188 0.281198091971342
0.221199878612243 0.214431494542418 0.180988540191093
0.209185843315054 0.210723987557539 0.192180947789205
0.223180638263402 0.221428670308732 0.200156450044028
0.229133256373668 0.231000815236024 0.211074340051406
0.178150225352521 0.151389740571522 0.0923388903056562
0.365525563348857 0.241731767664871 0.113694137460171
0.381659460620466 0.27215276817945 0.151323011913174
0.31686799903357 0.32828042734893 0.256263787795512
0.263151493954081 0.215335175779725 0.152962655095463
0.344896577068572 0.258972062862938 0.203904945945461
0.286860391750218 0.288560090725019 0.261675276502147
0.247639070851559 0.254721620366495 0.240807537894199
0.389269837067435 0.396127801927712 0.387444305363319
0.231089725495387 0.236514635638814 0.195860746699094
0.207833760634677 0.24100617732173 0.243112185691256
0.281359917079097 0.191151141817109 0.0945870404509776
0.21560450216203 0.145438528413539 0.0632077753054648
0.199439760460339 0.205639134011262 0.14471603116542
0.184501539085149 0.157004000042395 0.0756308886418739
0.56195365505415 0.344904125950829 0.0970544975223876
0.259150326797386 0.25683516680326 0.234280955986988
0.261121861238566 0.26977507575379 0.228750307416874
0.216700982717386 0.20574096821661 0.206057556225654
0.319445152828095 0.342914379020077 0.321332632952796
0.222002363730238 0.230654356148478 0.2721560018697
0.253361664353334 0.267586008049401 0.26985030501594
0.331166652715294 0.321168277130932 0.320088808598199
0.231482613453319 0.25926800500346 0.272870788010299
0.251501091992323 0.243715112105228 0.242331135938065
0.145715890353891 0.158655128773333 0.12941270561241
0.240012569213409 0.27193497535582 0.224422721400173
0.165208196658549 0.173387540364349 0.155279523862363
0.189505139404495 0.19154159639609 0.180241341442866
0.384663688643431 0.405375550403281 0.374513686512873
0.183642134529734 0.210287168998276 0.218990749050279
0.21670317816595 0.237162249705345 0.182471268283598
0.296893548431055 0.309638689730341 0.273479532903717
0.156946766969466 0.176265211051823 0.155022299484708
0.124255629378865 0.140861342606562 0.106535644891927
0.217852154816544 0.223367867847407 0.169360341460386
0.13731587702979 0.171053400014406 0.124677458323789
0.273631743460862 0.286739393333753 0.276298953906611
0.214267560506238 0.251085297827198 0.243792071770187
0.0572225715472894 0.0543544397053037 0.0502272884090482
0.190510849517466 0.237457175234215 0.269132101329793
0.169369934380962 0.22848212742643 0.263843655077943
0.128783001214959 0.162108028614806 0.177976730840818
0.372371231534169 0.437079752751395 0.487502241412389
0.106346728165183 0.155516459267075 0.18938378409245
0.247619182034266 0.299239455520104 0.359463529705933
0.112965778472534 0.068114224322066 0.0484867843729918
0.227344636324486 0.25047047489391 0.267870561976431
0.12834856195956 0.157261256865103 0.180230688650569
0.300216235461102 0.148897041249126 0.0843661242502759
0.330382088081396 0.15586646568038 0.0995552756629011
0.401962644496746 0.196368933559237 0.133963286476188
0.400583156561871 0.308073702614271 0.177410240221007
0.339316265937821 0.246657142962203 0.128436390717168
0.185021287199064 0.129469560159725 0.0998553707701655
0.240788535908346 0.205367493215199 0.16026671780007
0.2454221220319 0.260333792538979 0.257971727813694
0.35446443924891 0.320029682897196 0.314119102760187
0.314346358724183 0.250626092181586 0.243478263220656
0.345859773347514 0.333417474169953 0.333706797519727
0.218469962694678 0.205098794103912 0.166250320935646
0.266643987574843 0.255093462300255 0.26225128433741
0.311280539176211 0.327739622395825 0.324076056827294
0.331831614069992 0.293982178148863 0.282881665754961
0.151048753882862 0.128285369811955 0.071790789541705
0.0955449590013499 0.0926587877100736 0.0613222310689066
0.116687388240312 0.106143243609785 0.0693601576050879
0.209155939791499 0.185457045886605 0.125034721613877
0.268523518661637 0.230005790360402 0.154357435465168
0.4086246844989 0.345652006045162 0.265146626763578
0.350606138474187 0.303345863612679 0.229591304812402
0.690256902090132 0.516091350992527 0.338567877537663
0.624585498229473 0.451301955073984 0.284826898073434
0.348342890564351 0.190330141389051 0.0826189149033321
0.303691760319311 0.320776784310265 0.286755659120164
0.211350728640178 0.228938888878074 0.181396926069189
0.428332642253711 0.44293316470558 0.40575927804134
0.27617909106699 0.253829976243732 0.177034623846119
0.355800948304 0.282771979846864 0.206341039465946
0.147856052548873 0.0898264103161424 0.0391104128935774
0.255422087423843 0.134144827360956 0.0399800700856398
0.265613002765833 0.139411275867089 0.0470715744351154
0.245654536759271 0.179746175863866 0.108332635764701
0.160932317240804 0.127047115191401 0.159805305890875
0.162949837136651 0.10638796582714 0.0501287635990735
0.181322908089006 0.154119602413998 0.186137743091853
0.26448840316482 0.211643058564834 0.152643428222134
0.139962441607016 0.16765170928108 0.116725165096651
0.260257027544336 0.273058039224338 0.202753287170512
0.214539947538513 0.209183431566138 0.0719116257329067
0.234722825159451 0.252390432516345 0.204940581212022
0.224741558932869 0.2715771388698 0.172240791607373
0.257455418875364 0.272648160873819 0.119136535486993
0.435259433885743 0.45435330412846 0.457436568299756
0.333709923059802 0.355623192675378 0.360356071475153
0.240882399445752 0.241682526889919 0.225337152764935
0.426094604149809 0.428079408617536 0.418680379676332
0.302949266103723 0.30624358534271 0.29620809261808
0.242984114253306 0.244147712807641 0.231657211096814
0.235001571422052 0.303350568145318 0.196934407567398
0.218433656680728 0.274124064690244 0.190374212585609
0.161995130646494 0.206564174908251 0.138070202874588
0.203639156073898 0.208016545246465 0.184118687463513
0.278863519020696 0.284434518421328 0.21629587378961
0.202086854973426 0.194875466154294 0.181983175726082
0.168725856825174 0.213843687522995 0.151256629335389
0.174531769222234 0.201078733111539 0.164723597351705
0.172175490531344 0.194865581228244 0.138424751595269
0.620402519812571 0.635278738692088 0.579253908709571
0.162008779198655 0.181451747393202 0.149285094894209
0.149024355635846 0.174612481698287 0.129822994933597
0.446653995792093 0.467238975765925 0.43656363848338
0.36501664106752 0.395350580690738 0.304429777117629
0.322337942910118 0.367402401496279 0.298903508629627
0.307444733638014 0.330423239223214 0.208115340431878
0.16936276402432 0.182100670076858 0.175256645774216
0.232533238334219 0.278151588044733 0.262383465482033
0.57479590439611 0.57769491311323 0.555477990249613
0.537702859988134 0.539557408384364 0.532462226928918
0.290605881076769 0.276685168998709 0.243221082103071
0.173691485617865 0.197803837644091 0.201348448834476
0.191896610162526 0.219103484793328 0.197608756357338
0.223900464202184 0.218526135895887 0.182562071171035
0.15990839463826 0.237881534893248 0.154433237923248
0.14543878797396 0.221116592162011 0.110577260214297
0.185923259663597 0.202158904620413 0.140876018585391
0.219521517667088 0.233968758875074 0.20866183408422
0.26713415661573 0.305020990867583 0.313466535415614
0.155911185777992 0.195661469185527 0.168656824568086
0.169894084207025 0.20076620073408 0.135943570266575
0.123061997520765 0.175277864838669 0.153526171585445
0.122787501560066 0.223415151104181 0.217039806402534
0.486895454037149 0.509076968533274 0.465757869926053
0.534349912538953 0.576962833759553 0.51116551064944
0.316000169579475 0.358180533357732 0.270367760346132
0.432166728204117 0.412000105554571 0.37234555668248
0.305954013247531 0.28880257423374 0.264649406331241
0.156323313652164 0.159794231312893 0.143795370350543
0.177497841863246 0.207116324814777 0.15294409652533
0.14409767172139 0.155265453524517 0.136955585534784
0.326265827507824 0.342766472839922 0.316806537288775
0.217660372110146 0.219163951556508 0.166062496525676
0.168669716069018 0.213690957845008 0.142443103814868
0.162837263618865 0.178097361546686 0.146580410412612
0.21035506567852 0.187397065366615 0.166847309904977
0.201632256525295 0.217105183183686 0.218459926358382
0.197379488800076 0.200270061803499 0.18274171942773
0.186831202017823 0.138418013839329 0.133862512142561
0.781640934495385 0.829836394740354 0.887988192596428
0.21638856930512 0.226958756497933 0.202126362232574
0.142727765892073 0.14778930226049 0.146079307388971
0.102160451167925 0.114001002768428 0.113309858256217
0.195747253904816 0.194155640215513 0.238848375833108
0.226035900234491 0.229793232005271 0.265568217778115
0.265670073613499 0.212066845027936 0.131129221939518
0.541268841653218 0.540704103066252 0.302642271015255
0.45668449197861 0.430520022815361 0.28005602611697
0.277394071769754 0.224152129660813 0.174909797346038
0.275413982649684 0.180620083357829 0.118970135626809
0.280084318202907 0.145613904738297 0.123232290787271
0.199136539813 0.095361006367666 0.0699151086011618
0.221237493243318 0.11355858203007 0.0798741175216046
0.348943372784354 0.19709340995557 0.134087053537149
0.213712598695146 0.115032506698281 0.0546829350486817
0.651310542197927 0.439111137499754 0.231897369376759
0.651031406594695 0.421714262477448 0.200319594583926
0.197457886862371 0.204358333111625 0.17639373672051
0.215813156295822 0.225947563171058 0.198086974803821
0.324502774160154 0.106685551850331 0.193916336321955
0.473531953293833 0.363527921455286 0.37574758268135
0.371050123064085 0.381033379253898 0.369420429697952
0.358376587996066 0.386312892301243 0.40889385947096
0.316606956954716 0.314599635620428 0.295906775413831
0.194781667506994 0.198302615438957 0.193894143905921
0.219724904887328 0.223411679483544 0.204490276325862
0.166546187371044 0.172816247876742 0.169235319857389
0.186911189887699 0.191610304202651 0.185574140081731
0.303348307806647 0.308826579246717 0.300639113462729
0.473620614807792 0.462593384972879 0.449924338137148
0.233994141721288 0.220462597235119 0.20269327463807
0.167664979307627 0.159677450753277 0.143886389538331
0.429678116958359 0.41924892514948 0.406083079667097
0.361770535176818 0.353406395265964 0.340623347330129
0.737427552901118 0.734410476637291 0.727617964263289
0.478136046864499 0.486040959499706 0.472932898656148
0.230939180450947 0.22727014248353 0.219236152613741
0.177683059853984 0.193597055373539 0.167968902931108
0.180257163813557 0.195190345390564 0.171290616609574
0.522266087933447 0.553642184278815 0.499915740198187
0.309748602753806 0.318812290445516 0.288973916556948
0.310329661202271 0.325436813151753 0.282312903981462
0.370237147379056 0.375230851957334 0.350206296459964
0.452562283145379 0.322953555339688 0.211386342493004
0.327148549241099 0.331151089905025 0.343901671158143
0.258289386509477 0.261264879030784 0.259827876832524
0.337615139380702 0.33936530122744 0.336712636980309
0.286858358526917 0.286939871314269 0.286808360700735
0.128303852676966 0.129976730408217 0.104460956813256
0.201839645302032 0.151653767595222 0.111036433414857
0.179165647351262 0.159178716218482 0.134232731823687
0.114663963344877 0.121139346958958 0.115383767653624
0.118643889807084 0.112910189282274 0.0681563163704109
0.18499767801573 0.170286236743763 0.142534274412901
0.349781114859596 0.180966899340954 0.092710288823696
0.274414804807319 0.211262716027272 0.0816074836460712
0.25861253923418 0.236348084368385 0.2130654064143
0.358722993008524 0.257493866262791 0.297753666777629
0.201191728415009 0.186281042074528 0.152337309150089
0.488803233949811 0.421442924501877 0.431160358375074
0.335999916508064 0.338495005949341 0.330016800048278
0.237765543829914 0.250069129592246 0.234127263772438
0.303292967361791 0.265270134264117 0.227245992549318
0.406329445767121 0.262389943677552 0.163802568826231
0.12475822487493 0.0704129022294293 0.0143718172755197
0.184730947237639 0.0702981873381668 0.0330842851089537
0.222428226676712 0.121789891895247 0.0371640558132774
0.288474165410502 0.154171611833446 0.0322852716115955
0.314627105765032 0.139373434120645 0.0138144220854771
0.647929497333125 0.391255831187093 0.207204153572384
0.19222303983755 0.100073087888673 0.0284267761665565
0.574411365631734 0.566976041058998 0.54599260339319
0.542099326851677 0.519286712820836 0.492761476301809
0.467445326300976 0.458975285738172 0.45646900275372
0.386076357052181 0.385081645812068 0.379291577415734
0.234191796982221 0.22291675183493 0.20598380862091
0.251267195607546 0.287245071109822 0.234465730562007
0.210077487437816 0.208533394935673 0.180732202644877
0.247234394524486 0.244783711545312 0.196909651992202
0.307015745151465 0.160761331813174 0.0746656699546483
0.524398257830451 0.344709358299585 0.211658621375104
0.331385829861172 0.235591530629968 0.165138720985741
0.437760514846748 0.274092246908581 0.155751804864206
0.220622053854029 0.143641321240413 0.069464576599633
0.244363450777935 0.150290383221495 0.0652700477439765
0.113707407486718 0.114756431745018 0.0893041206731008
0.115856816521713 0.119897804573065 0.0932314537049114
0.0973721886632227 0.100444270106361 0.0922529974361919
0.36982206700509 0.277524836147076 0.136947885242281
0.27570954626459 0.261383249397982 0.207414008173125
0.514242091139883 0.484545869842129 0.390140759616551
0.252457518070272 0.234076444004922 0.200274355365471
0.519676961914483 0.486699853629552 0.41665508378286
0.429505985138868 0.388388315801108 0.317998979494943
0.362461917619416 0.325438565184598 0.280622149026183
0.286836998867235 0.258066932413278 0.195952425602953
0.486494530521169 0.455301932578748 0.382341444812804
0.478211038196263 0.411283145595443 0.304140551103013
0.38766404489011 0.3504534087962 0.293014796458125
0.328197065193575 0.286127057854504 0.186346018700031
0.609430305971988 0.525123848173592 0.425065144258275
0.679669259458977 0.555874652648674 0.410205180350151
0.668823613768902 0.572474904292502 0.436385104173494
0.730768551918898 0.652481895119853 0.551839191071295
0.722559542619929 0.65026115022903 0.576147608550872
0.437497969480453 0.313271151308368 0.18195002769726
0.428660575216176 0.340949138919117 0.245408267994405
0.466755382255714 0.336992778380174 0.201484490940368
0.311472083952223 0.234001355338001 0.145027298185824
0.452861588756362 0.329676008029934 0.21987357893373
0.0483145444033257 0.142238343087398 0.038366555985777
0.104823897987563 0.25177705879541 0.126175835746704
0.0692152579998144 0.0793338749494128 0.0500096902557341
0.132644395084704 0.109259039353902 0.0936069727446416
0.483772520381441 0.498882213860051 0.482077990985034
0.48343450782261 0.505823627395824 0.475160824718631
0.135697539432095 0.15689745048939 0.191917169510908
0.40807849366705 0.399718420202799 0.365175567750569
0.373386285822312 0.457826547017964 0.366227717548945
0.221697823650756 0.215771778038636 0.159769789373207
0.264862040391495 0.228325439452016 0.1622085974631
0.279586892285237 0.184979151890649 0.0957280356186114
0.252109728735567 0.151779935590081 0.0681318528006894
0.279705392432646 0.184821068778969 0.102899625173121
0.509744622827344 0.383387700426609 0.257988242345509
0.286911038477453 0.196791043694618 0.114433041089929
0.392950511993746 0.278389367020815 0.15805251599487
0.343678416750645 0.343045900448629 0.322620106718267
0.166473186002512 0.163588063767939 0.136964908079921
0.181604379736031 0.21908685129632 0.269079237523958
0.181604888041857 0.216927589780328 0.205757601713618
0.180069631409061 0.193898534803051 0.18635568732573
0.158225772576187 0.168997032575482 0.164324836839238
0.478770077268974 0.481883601859404 0.469844919137195
0.439967263682943 0.44511768326906 0.419732451614071
0.429518483062662 0.46034788984846 0.417703309163
0.387575928339942 0.436237994043416 0.348782872105444
0.526102454601416 0.549372487914834 0.457568901290895
0.377401598681947 0.428772303242627 0.336369267466913
0.360112919359803 0.425772420925896 0.320012820686908
0.474992112957833 0.492364505820796 0.484047749986421
0.50601258532037 0.326146020042366 0.306151858943023
0.423058723951261 0.444542008400775 0.401517367334746
0.327616664856155 0.379637920265059 0.312047168359495
0.492140375771731 0.514958833487227 0.455723865261709
0.418882552097478 0.428292110242065 0.398306277497148
0.351015131352633 0.405970456973186 0.29783724177575
0.350357021617511 0.349099270363732 0.326538697427263
0.393815517896909 0.348376547987616 0.338787070229754
0.223783879202651 0.284649654644868 0.193051357431246
0.287059027211993 0.404591061955715 0.27544007884779
0.398997881701157 0.346263409103253 0.308814499484004
0.20492125405102 0.212557495066355 0.203230518892691
0.458453981315518 0.313984461282204 0.196362319627759
0.213064947585683 0.174048598663842 0.1705195829486
0.303671016421342 0.31231218202886 0.305389486357793
0.342361857947242 0.35457627233719 0.349002057194069
0.238497456230876 0.129061475929245 0.0624898611337425
0.45877603742328 0.310954241576594 0.173599093838828
0.409827356381149 0.275356116361595 0.158121707131606
0.257455189832166 0.264204834519219 0.268144700631869
0.163520630782322 0.0863416684771785 0.0349351497293285
0.390479955370883 0.325731458095704 0.293281213223978
0.313311878768128 0.291249162638278 0.28640210562526
0.479037271649195 0.361110273749389 0.332057510908334
0.259157365162131 0.213122284232252 0.166952297539514
0.206953497003603 0.126099037260334 0.118771499828001
0.437208462332301 0.415148065920736 0.359316203628266
0.388171088841816 0.305594673926819 0.204150123114805
0.313491153386562 0.357300108178082 0.407142627595821
0.554597715586696 0.443439451958069 0.392186170405374
0.289515722032119 0.263289134213242 0.222458165860989
0.283999228269332 0.23784649801749 0.184912393858744
0.456365872757228 0.37215824326037 0.318005494903409
0.655692102094762 0.644024371752394 0.592554021146778
0.441343999511162 0.417560527673673 0.353525869950935
0.236421738362935 0.238606482990241 0.238261501276411
0.231939024224648 0.239414344685243 0.228463690185215
0.310170380479061 0.250599120996506 0.241787507015733
0.241280054496406 0.243505252747452 0.231514719461192
0.257213712816613 0.244981340412435 0.233099788622744
0.291504026125686 0.27061757690149 0.245492504481017
0.311752575453081 0.193542651132475 0.0869261809063422
0.445227241866276 0.319029803287889 0.290874748791483
0.201884652291203 0.157852597179223 0.100970558814477
0.359680342820415 0.237005617112958 0.0974889898249235
0.700983900023537 0.502672123096699 0.218301672007677
0.340946060326254 0.28535089982438 0.169446458638857
0.345073506780367 0.343883570510383 0.299371265819347
0.162930811290352 0.169666277406623 0.113665426466062
0.561769639527094 0.511531659062517 0.495445725381565
0.214244416834139 0.218413312693498 0.214809602049499
0.12038866031177 0.084879442543407 0.0523746107399562
0.442120686455561 0.339690436423877 0.20986897552188
0.557751366936433 0.4476495256459 0.288675429543932
0.391451034707512 0.34214511704959 0.223475888508681
0.130097416852244 0.108559568102403 0.0764905264968407
0.18735842929046 0.0887992798689189 0.0283991793855123
0.350367103905274 0.227975417775605 0.12725635037025
0.432603719696558 0.310468979142904 0.155950745025619
0.153754152861514 0.0977624789528 0.070661628917495
0.258033150471638 0.121998126120254 0.0461961372730071
0.195008384932921 0.120521212409248 0.0715365248130646
0.11263737258523 0.0536592480944363 0.0207828540003259
0.427306954175945 0.474812159397462 0.436225625984466
0.315635467021527 0.341712823402676 0.268525937845129
0.300635195444752 0.308949586298046 0.274105561892347
0.488728104122535 0.461522300979487 0.430407964894176
0.388306062498868 0.397384161189868 0.38779701446599
0.639025299639708 0.582117948056415 0.57316329232524
0.366258135987544 0.365431139445621 0.349428195100755
0.563755691796571 0.559908795466478 0.544662712961454
0.385244238046096 0.34197816522731 0.279711608096609
0.47185251570619 0.416281966849528 0.344498624011008
0.415317099831622 0.275705239621241 0.142762456321402
0.277847957742654 0.217855143211486 0.140112014103887
0.337556714283128 0.341463696974635 0.293625832835443
0.435733144134847 0.242903483877392 0.0901239747976753
0.320667467818152 0.241486351003929 0.13944341471584
0.587129761646117 0.478023226603661 0.338278214563757
0.345638997519599 0.363051696902214 0.339007873463328
0.313579789256423 0.329175922908406 0.305335997048866
0.387801857585139 0.431957514076729 0.413444759020875
0.147687535078667 0.116058402585411 0.0635916594246193
0.187616246175294 0.174489933554216 0.177910137508374
0.368607048775189 0.370032826842648 0.349001355620734
0.301867384534608 0.144252824398457 0.0230434477576811
0.476690995419405 0.289476490503865 0.138102210182319
0.377616483804972 0.387413774374016 0.378105265421035
0.339705610776166 0.349940977314287 0.331947273369181
0.532335967628048 0.552826661597234 0.510495435247044
0.156704891097713 0.162991452121015 0.121443690818895
0.50612177049952 0.474687098292687 0.484638531312802
0.739542551554324 0.602656982691507 0.55589435889776
0.292032231636884 0.244090308330165 0.164728694802021
0.257438012601162 0.212058721688121 0.186877353665381
0.373041014882407 0.436822483841182 0.425956855503051
0.389957498234751 0.492211664675104 0.544721690384372
0.259012580794091 0.368187202397118 0.394719811978346
0.380950597921532 0.496285701030181 0.475043407021165
0.390054315354951 0.486509118190212 0.48119793646914
0.25641372684808 0.391487573099415 0.455882737674941
0.302832262868213 0.448141928285626 0.284440721579491
0.417400772635924 0.496253055238716 0.520002783661941
0.42551441167418 0.527466505531114 0.570660576557493
0.445598928629624 0.550515203773107 0.592288543533757
0.416575145293574 0.503385204497311 0.535420355584524
0.352356573515833 0.391834580323357 0.310906330907247
0.468399020965727 0.403749717107526 0.262127136403961
0.34398418970543 0.399133319301867 0.385022608766498
0.341619367045064 0.443772902974671 0.482085053319573
0.393207514076729 0.395100200514185 0.3615081789872
0.384105086632991 0.465963486502634 0.465631744156573
0.369479613636775 0.378608180345084 0.327899704433943
0.290308895949885 0.317578813843173 0.303099256784893
0.297788041116724 0.300274303858201 0.290237912570384
0.374796736099795 0.403885788387377 0.252528821085221
0.191927357739033 0.236520456520558 0.173649788170116
0.385467553364836 0.387343073886988 0.373500013578839
0.366025654952655 0.404459415114153 0.33492717216157
0.362486952999113 0.299089040971883 0.215533546521102
0.324700054767983 0.267714523020658 0.153629442543407
0.346080841616425 0.318397493346369 0.309015590770011
0.32607529692394 0.38946687215976 0.281597527746094
0.377414668314232 0.449040802147267 0.410365893125487
0.366158478626908 0.472467546575417 0.324928620571035
0.403960788840005 0.47412553410099 0.365949047670777
0.569273170025166 0.607164444263393 0.585660734977278
0.283755691796571 0.341082335288686 0.354052875998045
0.309110405011497 0.331806189234697 0.290300431807072
0.482531027646516 0.509565533738888 0.467697538156537
0.334205603986747 0.341474707149711 0.331118466315427
0.355746553238101 0.38931271839299 0.32468233438343
0.369090715695327 0.418713733184871 0.37529658446943
0.451540643727482 0.461565040374414 0.457641038871689
0.403949518403853 0.449017503123133 0.45733143003277
0.351802149530172 0.317768872322706 0.30456056614705
0.335950145293574 0.399040643727482 0.453017240598917
0.292902363623196 0.28653474824833 0.204613285988449
0.302473125214998 0.321313877120562 0.135757710517263
0.381620826770228 0.358980082106712 0.352263762153061
0.375077546484891 0.350332545760687 0.340297195517173
0.454292123820904 0.429671641047924 0.367263218999511
0.437016797023519 0.422013221262651 0.408246802183477
0.38196697400105 0.394445394963156 0.355674856969565
0.431587320985643 0.458122238969457 0.434509724711676
0.409274856064309 0.44623128383394 0.44671621811236
0.407537602067605 0.324163000380208 0.242332912389332
0.441146076620861 0.448969400086905 0.431572667155505
0.285400485217171 0.320317699563667 0.294410237086524
0.39304689904586 0.438254383701772 0.426213563449387
0.398958197544946 0.451729310376043 0.411958125124473
0.388563155178969 0.419510414969312 0.254000042999656
0.39257454782467 0.523453687107345 0.605876842195789
0.50138715758695 0.641767002969239 0.722666250248945
0.52700354634005 0.662804720456973 0.737013062842866
0.502035535820977 0.613296659153043 0.668851592345156
0.571487324154038 0.656301825901182 0.700741653540456
0.536374223743052 0.657907557529013 0.707479699636087
0.539954329839045 0.678558606267992 0.762251835406369
0.492830746564554 0.613341491952275 0.681235187750077
0.504989680082559 0.636018299748339 0.712777687252186
0.327157349320153 0.435588620027882 0.496475782141111
0.495386702695852 0.627430566871255 0.699990087447722
0.389743359947857 0.212026483261818 0.172636195752539
0.416267584596165 0.452500871308819 0.4559305125559
0.385394171057158 0.434265882715044 0.454196415639201
0.407257776148317 0.499954035630873 0.551519008111093
0.410647031665852 0.451422575724657 0.462912230912679
0.436296971466334 0.460346260387812 0.456267573280466
0.486265943819818 0.491898921387576 0.44579044683432
0.282757873463328 0.388855982836348 0.459384742816794
0.311852345970706 0.344588334872268 0.344400743215107
0.338324212879981 0.292853785327612 0.23401118896312
0.354038550323176 0.371615847862691 0.215047888037948
0.382255603534119 0.382567656564011 0.334795197164738
0.512750156156645 0.465316024840222 0.368216566635888
0.399079920518531 0.41414705656039 0.396026831785346
0.378333604910108 0.38928109101443 0.351179446617059
0.458331783082577 0.226317136041859 0.216442061358246
0.471461422519146 0.494693763239368 0.492441927832998
0.228017987435048 0.199759971393913 0.19762166639509
0.492464106602937 0.466449065775895 0.38550430675502
0.326923057773433 0.389254397280611 0.418567206199193
0.36721374676371 0.407747485651694 0.381009235873481
0.256191780728912 0.275577756956892 0.229706719714663
0.246203073796462 0.300693822081002 0.315814424800391
0.410909759564029 0.384549080712617 0.397870939927217
0.248526073633516 0.356625341734108 0.409365890862347
0.412577523853493 0.451119326308547 0.378437833813119
0.426249626581935 0.416144639527094 0.41177484474861
0.265872621440081 0.302744713305451 0.214594264298517
0.280360835008057 0.277557393225065 0.264877847029855
0.385346520648887 0.391846903119512 0.396978278384299
0.293971719805189 0.294712807560697 0.277771474933464
0.153428520992885 0.195290847410063 0.242143363116253
0.320610244328572 0.343448515832926 0.333636503539551
0.387261419803378 0.441433619846831 0.356713309977731
0.388606697988521 0.396673557927326 0.368463282820053
0.258364157297268 0.2740479763004 0.263814488168305
0.285754462911665 0.328008765140405 0.359688229862582
0.336733700867235 0.397796923940398 0.475613435355675
0.369254510437601 0.448087431879492 0.213595076765702
0.345297829196314 0.377605009686238 0.344940377582242
0.338194093657777 0.378504901960784 0.335514536146869
0.501360486484529 0.504356578042113 0.491987896728405
0.289511467329314 0.319337861876052 0.287123311697717
0.282875171998624 0.29237671545996 0.267791639508989
0.40058907265584 0.466740546865099 0.533651689207539
0.400115182499593 0.457605971520649 0.487864716292796
0.29903711322941 0.320450025347166 0.257265187931128
0.253715328698423 0.305456927923524 0.301381827892745
0.396184301051907 0.432610214907754 0.423689630746112
0.2217426855322 0.286784429145619 0.324647878080133
0.339858655604439 0.3562790473992 0.258463350714247
0.268788563902015 0.381794907482845 0.242667528922927
0.272634713395977 0.27915501149675 0.237737210997049
0.505255010591494 0.620600920192638 0.67047095939022
0.355860208118335 0.443078933789582 0.475576953542266
0.283274616171492 0.307882493255843 0.285156450853656
0.28626699617982 0.33654131135372 0.368602465917115
0.26454077498959 0.314484864121087 0.293159003675339
0.282158684572629 0.293400525953687 0.293014830355041
0.391932212173882 0.429165501149675 0.377549528814296
0.243124321058063 0.255193158981044 0.23978948273677
0.364825704289103 0.36542523265077 0.322643064381801
0.393275849582677 0.427323871145873 0.379443358137345
0.397674069396919 0.440303905726649 0.439603611065848
0.332336906831061 0.354250889413937 0.320694218130466
0.323831710662104 0.413688159705249 0.426538754005758
0.363133317038727 0.446183271323303 0.449066941411837
0.312910114876976 0.391595988811037 0.404568555030507
0.282709883584089 0.389307603697065 0.420139997827386
0.394294047489725 0.460200446291167 0.450451122969964
0.260339301232959 0.265312528289247 0.235004809172053
0.315547951405863 0.329486301214853 0.320052878261184
0.380415919830536 0.38452646063042 0.382809869099995
0.314194254340702 0.390622555809027 0.409702068962396
0.21533982175511 0.301294629116651 0.328775562163924
0.415578752738399 0.383800083283544 0.292467625785309
0.301816169681169 0.365942891930549 0.366309543207865
0.233778560824145 0.207668807596908 0.175169599695834
0.361706905292126 0.374493215106911 0.340365338656238
0.368077745641193 0.352023371444607 0.309541182354752
0.348050802961997 0.343404033820361 0.312626351094454
0.407287808013325 0.372241323122047 0.267940859631018
0.473524172596093 0.518924737023156 0.447900372060181
0.259487353574856 0.276602846124599 0.242923535295928
0.324411866547173 0.375547589303496 0.264925508753825
0.268315126373726 0.249923370086724 0.165244634095559
0.358438218546883 0.368874054007568 0.366548802346423
0.286606331359875 0.313908408469574 0.287376794669853
0.229701706860029 0.254004648489128 0.151608605815364
0.419716304111672 0.430416926927743 0.424021339145076
0.257468847880796 0.249260258812666 0.215233352343708
0.326133527510727 0.364428715622907 0.273755861532055
0.328013065106005 0.351601895605888 0.280513574312458
0.183808253218185 0.183813017127442 0.12462425090073
0.263262666793402 0.271231770408995 0.270516629551174
0.362968458620752 0.414183979686057 0.367225073778357
0.349276723154636 0.34099225100936 0.318571596690384
0.360749981894882 0.277952379012547 0.291252930766028
0.300138787047598 0.276134862763203 0.264234900331324
0.34246901761628 0.404248309434577 0.441816101786975
0.482261046385313 0.57215340014122 0.613378358499448
0.378911214762913 0.467731564463274 0.518011537486648
0.387743660945449 0.466763325367081 0.516401720891496
0.438742871109663 0.515763368366737 0.563137288849058
0.266377957923705 0.302012485742219 0.324087909401988
0.328723272319085 0.376318233664657 0.388921455470462
0.354208783698151 0.387714364600873 0.389449468614777
0.201532790632412 0.295972425904803 0.360253482972136
0.177623612695309 0.242268842901888 0.269461553781254
0.417507275994424 0.399392776963047 0.424531688483334
0.395262241323122 0.403983442869299 0.416700636394909
0.349644381529158 0.407900643636956 0.422428020838991
0.232198346097442 0.270393639219307 0.308685443937501
0.28589543388916 0.290171138630891 0.290796444154763
0.522984934278421 0.516848113899299 0.503956387033114
0.381176787427806 0.402873508590879 0.417794049752865
0.30551280484493 0.33155991436279 0.315072907048323
0.321063189126066 0.327283632520414 0.304954850361197
0.249409739195771 0.240523475549038 0.22235133434722
0.407164331106404 0.400642143283906 0.391762748266435
0.317490200604711 0.312641265185668 0.2866706158456
0.259494493780892 0.263536653812033 0.254167752973766
0.283468918038129 0.259222294642695 0.242931954175946
0.343008448300835 0.334060084098275 0.352304985244329
0.342938935962196 0.422080934405156 0.39205873300382
0.311111891894339 0.337596579490522 0.290500482048775
0.276942203936053 0.380870675139862 0.414074138196368
0.238514350569406 0.234218187043977 0.227212852823493
0.173767516701972 0.186080445566962 0.173151659786722
0.152147255716691 0.168756664946681 0.175974021418355
0.287232858979233 0.317294529538501 0.286357533087104
0.47439404432133 0.472127928502888 0.452500543153549
0.30300645673782 0.359275421849257 0.394304254250177
0.294704264207992 0.369949101986131 0.418029868918943
0.454081561294878 0.460768313327178 0.454982528560824
0.277557472434957 0.353298062299712 0.391987025419586
0.484900116325385 0.563447440841526 0.614406819745442
0.3965866986222 0.457943168033603 0.487577897271559
0.358877324244564 0.399876455198885 0.424632556623758
0.427096968750566 0.475584263483787 0.474756440895841
0.383311403508772 0.364207980283526 0.234141115818442
0.348037676751218 0.387940588054243 0.370501715459961
0.443023113446671 0.456096774120544 0.416926882479677
0.30813812621078 0.287340437329133 0.281207634023138
0.191268738797458 0.220811731664041 0.183670835370159
0.259435086361414 0.289845144659895 0.292955807669328
0.251796638784784 0.305290349519309 0.342691721887278
0.441126919142542 0.501880261800011 0.522062750076947
0.417266195028335 0.425653391088661 0.417060204044683
0.377021741983959 0.34461370466931 0.289288683848424
0.29426667481397 0.316367128799812 0.310157729527637
0.360120387721109 0.408229376007097 0.386978493382579
0.256981593884091 0.275051803269784 0.276733078503793
0.235155636123332 0.303064845744392 0.17335768471747
0.358328399688592 0.350529099451415 0.311311817663353
0.492064685061467 0.48569589285391 0.481810636304383
0.478598935419043 0.500289014266833 0.483588615501602
0.389999400267956 0.37231347201854 0.357736056795756
0.428026372367968 0.461854597794797 0.483376242463744
0.399579338891605 0.4221643763692 0.422263897941448
0.396025847319537 0.367468508409827 0.362115220972969
0.235902472253906 0.241819983071714 0.224968316042945
0.386616911538392 0.419224897253454 0.439763388734995
0.207149586750674 0.203755578639581 0.19951549571814
0.269243149475857 0.270106888092264 0.256727975123567
0.466981740988177 0.445985574746981 0.455292567396303
0.300385593757355 0.204784039885576 0.1888478921116
0.421393675429544 0.469384233610342 0.427063779805551
0.273927000162946 0.24474386915431 0.210676565640106
0.289511342856625 0.347106224992305 0.331241298227509
0.329130524324227 0.276147038455271 0.186439662430069
0.372328250321366 0.427775684373472 0.33654679946771
0.379080859721543 0.39008917902341 0.384683862002788
0.399051008907718 0.437890346350913 0.371724105154527
0.274346620227038 0.332931037604331 0.353296727047236
0.37777582016186 0.454352549653287 0.344943104665689
0.385051803269784 0.382393745586877 0.282474211522097
0.368903361667843 0.409462640088353 0.188044760378759
0.325099544203646 0.308275306429127 0.241150048431191
0.437619754041968 0.430385876649829 0.204629818224612
0.376941853149385 0.384775462585773 0.204450238082306
0.294826722702008 0.375539294896167 0.300110271486249
0.240782616370648 0.329552882787464 0.23572375210472
0.194080723933156 0.287380336483624 0.226675979486901
0.315319442181305 0.380680797711513 0.231491635435338
0.446177443738345 0.516091953632792 0.390425085546684
0.370151834048486 0.293164638893415 0.201088887078377
0.453125135788387 0.433361136005649 0.370165571307008
0.306320202596274 0.306365227762388 0.297336069469339
0.552494591095903 0.395288256115004 0.183645669255699
0.567285273296761 0.17645944227183 0.153857770716782
0.481474775043905 0.405415851936342 0.303165374413847
0.472425791646298 0.381421885467021 0.224556277497148
0.366325373870693 0.248400322271106 0.0839791881664947
