0.427450980392157 0.4 0.376470588235294
0.525490196078431 0.447058823529412 0.435294117647059
0.529411764705882 0.474509803921569 0.423529411764706
0.549019607843137 0.498039215686275 0.447058823529412
0.47843137254902 0.474509803921569 0.423529411764706
0.356862745098039 0.435294117647059 0.32156862745098
0.470588235294118 0.486274509803922 0.43921568627451
0.345098039215686 0.329411764705882 0.282352941176471
0.4 0.396078431372549 0.376470588235294
0.207843137254902 0.243137254901961 0.164705882352941
0.423529411764706 0.501960784313725 0.364705882352941
0.415686274509804 0.396078431372549 0.36078431372549
0.250980392156863 0.223529411764706 0.188235294117647
0.474509803921569 0.454901960784314 0.415686274509804
0.533333333333333 0.505882352941176 0.450980392156863
0.603921568627451 0.6 0.584313725490196
0.643137254901961 0.6 0.541176470588235
0.756862745098039 0.752941176470588 0.745098039215686
0.52156862745098 0.537254901960784 0.501960784313725
0.643137254901961 0.615686274509804 0.584313725490196
0.501960784313725 0.505882352941176 0.482352941176471
0.568627450980392 0.543137254901961 0.498039215686275
0.498039215686275 0.482352941176471 0.43921568627451
0.529411764705882 0.501960784313725 0.458823529411765
0.509803921568627 0.505882352941176 0.501960784313725
0.52156862745098 0.552941176470588 0.533333333333333
0.588235294117647 0.607843137254902 0.588235294117647
0.494117647058824 0.501960784313725 0.435294117647059
0.36078431372549 0.368627450980392 0.298039215686275
0.576470588235294 0.564705882352941 0.52156862745098
0.494117647058824 0.384313725490196 0.349019607843137
0.372549019607843 0.372549019607843 0.349019607843137
0.43921568627451 0.435294117647059 0.419607843137255
0.305882352941176 0.298039215686275 0.262745098039216
0.556862745098039 0.556862745098039 0.545098039215686
0.474509803921569 0.454901960784314 0.403921568627451
0.352941176470588 0.368627450980392 0.235294117647059
0.498039215686275 0.482352941176471 0.443137254901961
0.431372549019608 0.462745098039216 0.349019607843137
0.654901960784314 0.666666666666667 0.654901960784314
0.250980392156863 0.317647058823529 0.203921568627451
0.545098039215686 0.580392156862745 0.431372549019608
0.568627450980392 0.580392156862745 0.490196078431373
0.572549019607843 0.525490196078431 0.462745098039216
0.482352941176471 0.356862745098039 0.266666666666667
0.458823529411765 0.345098039215686 0.203921568627451
0.286274509803922 0.223529411764706 0.141176470588235
0.568627450980392 0.427450980392157 0.266666666666667
0.462745098039216 0.427450980392157 0.329411764705882
0.627450980392157 0.486274509803922 0.309803921568627
0.419607843137255 0.407843137254902 0.388235294117647
0.227450980392157 0.219607843137255 0.207843137254902
0.47843137254902 0.427450980392157 0.290196078431373
0.545098039215686 0.490196078431373 0.376470588235294
0.364705882352941 0.309803921568627 0.215686274509804
0.392156862745098 0.352941176470588 0.313725490196078
0.552941176470588 0.498039215686275 0.411764705882353
0.549019607843137 0.427450980392157 0.223529411764706
0.298039215686275 0.294117647058824 0.282352941176471
0.258823529411765 0.262745098039216 0.23921568627451
0.725490196078431 0.345098039215686 0.2
0.67843137254902 0.498039215686275 0.301960784313725
0.372549019607843 0.282352941176471 0.145098039215686
0.23921568627451 0.149019607843137 0.0784313725490196
0.6 0.52156862745098 0.4
0.458823529411765 0.458823529411765 0.407843137254902
0.76078431372549 0.545098039215686 0.309803921568627
0.231372549019608 0.23921568627451 0.149019607843137
0.56078431372549 0.486274509803922 0.36078431372549
0.686274509803922 0.525490196078431 0.32156862745098
0.509803921568627 0.411764705882353 0.262745098039216
0.509803921568627 0.396078431372549 0.250980392156863
0.619607843137255 0.431372549019608 0.254901960784314
0.776470588235294 0.462745098039216 0.215686274509804
0.592156862745098 0.529411764705882 0.501960784313725
0.52156862745098 0.415686274509804 0.305882352941176
0.423529411764706 0.423529411764706 0.415686274509804
0.380392156862745 0.384313725490196 0.376470588235294
0.443137254901961 0.376470588235294 0.313725490196078
0.254901960784314 0.156862745098039 0.117647058823529
0.525490196078431 0.517647058823529 0.498039215686275
0.501960784313725 0.384313725490196 0.337254901960784
0.16078431372549 0.125490196078431 0.0588235294117647
0.705882352941177 0.462745098039216 0.247058823529412
0.16078431372549 0.16078431372549 0.172549019607843
0.313725490196078 0.262745098039216 0.149019607843137
0.168627450980392 0.145098039215686 0.0901960784313725
0.211764705882353 0.184313725490196 0.137254901960784
0.329411764705882 0.282352941176471 0.180392156862745
0.145098039215686 0.117647058823529 0.0862745098039216
0.125490196078431 0.133333333333333 0.125490196078431
0.16078431372549 0.176470588235294 0.16078431372549
0.101960784313725 0.125490196078431 0.0901960784313725
0.152941176470588 0.254901960784314 0.125490196078431
0.129411764705882 0.164705882352941 0.12156862745098
0.192156862745098 0.168627450980392 0.156862745098039
0.215686274509804 0.219607843137255 0.207843137254902
0.145098039215686 0.172549019607843 0.133333333333333
0.176470588235294 0.176470588235294 0.149019607843137
0.156862745098039 0.168627450980392 0.156862745098039
0.16078431372549 0.203921568627451 0.12156862745098
0.172549019607843 0.192156862745098 0.149019607843137
0.250980392156863 0.286274509803922 0.176470588235294
0.309803921568627 0.309803921568627 0.301960784313725
0.27843137254902 0.282352941176471 0.258823529411765
0.196078431372549 0.196078431372549 0.145098039215686
0.243137254901961 0.32156862745098 0.203921568627451
0.192156862745098 0.207843137254902 0.16078431372549
0.0862745098039216 0.141176470588235 0.0549019607843137
0.231372549019608 0.235294117647059 0.231372549019608
0.176470588235294 0.290196078431373 0.125490196078431
0.215686274509804 0.196078431372549 0.168627450980392
0.168627450980392 0.16078431372549 0.145098039215686
0.211764705882353 0.215686274509804 0.196078431372549
0.219607843137255 0.231372549019608 0.207843137254902
0.176470588235294 0.254901960784314 0.145098039215686
0.149019607843137 0.215686274509804 0.113725490196078
0.196078431372549 0.247058823529412 0.149019607843137
0.152941176470588 0.266666666666667 0.113725490196078
0.137254901960784 0.211764705882353 0.117647058823529
0.254901960784314 0.317647058823529 0.203921568627451
0.145098039215686 0.219607843137255 0.0666666666666667
0.145098039215686 0.223529411764706 0.101960784313725
0.352941176470588 0.4 0.313725490196078
0.196078431372549 0.164705882352941 0.113725490196078
0.113725490196078 0.16078431372549 0.0862745098039216
0.215686274509804 0.286274509803922 0.168627450980392
0.172549019607843 0.203921568627451 0.12156862745098
0.227450980392157 0.262745098039216 0.227450980392157
0.125490196078431 0.125490196078431 0.125490196078431
0.168627450980392 0.227450980392157 0.141176470588235
0.235294117647059 0.235294117647059 0.227450980392157
0.329411764705882 0.325490196078431 0.309803921568627
0.27843137254902 0.27843137254902 0.258823529411765
0.223529411764706 0.223529411764706 0.196078431372549
0.27843137254902 0.290196078431373 0.286274509803922
0.2 0.192156862745098 0.180392156862745
0.219607843137255 0.207843137254902 0.188235294117647
0.203921568627451 0.23921568627451 0.164705882352941
0.247058823529412 0.235294117647059 0.223529411764706
0.211764705882353 0.254901960784314 0.164705882352941
0.149019607843137 0.172549019607843 0.12156862745098
0.23921568627451 0.247058823529412 0.243137254901961
0.380392156862745 0.352941176470588 0.32156862745098
0.32156862745098 0.32156862745098 0.313725490196078
0.196078431372549 0.205882352941176 0.184313725490196
0.286274509803922 0.290196078431373 0.235294117647059
0.2 0.250980392156863 0.164705882352941
0.254901960784314 0.298039215686275 0.235294117647059
0.211764705882353 0.188235294117647 0.137254901960784
0.235294117647059 0.211764705882353 0.152941176470588
0.247058823529412 0.250980392156863 0.235294117647059
0.223529411764706 0.215686274509804 0.188235294117647
0.156862745098039 0.12156862745098 0.0705882352941176
0.305882352941176 0.207843137254902 0.0941176470588235
0.337254901960784 0.211764705882353 0.0941176470588235
0.282352941176471 0.333333333333333 0.243137254901961
0.258823529411765 0.227450980392157 0.176470588235294
0.215686274509804 0.203921568627451 0.172549019607843
0.211764705882353 0.211764705882353 0.172549019607843
0.219607843137255 0.223529411764706 0.203921568627451
0.250980392156863 0.247058823529412 0.231372549019608
0.125490196078431 0.141176470588235 0.0980392156862745
0.207843137254902 0.262745098039216 0.262745098039216
0.254901960784314 0.184313725490196 0.101960784313725
0.16078431372549 0.109803921568627 0.0431372549019608
0.184313725490196 0.188235294117647 0.125490196078431
0.133333333333333 0.105882352941176 0.0235294117647059
0.513725490196078 0.325490196078431 0.0941176470588235
0.12156862745098 0.129411764705882 0.129411764705882
0.23921568627451 0.247058823529412 0.215686274509804
0.0941176470588235 0.105882352941176 0.117647058823529
0.247058823529412 0.282352941176471 0.219607843137255
0.172549019607843 0.196078431372549 0.313725490196078
0.180392156862745 0.211764705882353 0.215686274509804
0.215686274509804 0.168627450980392 0.172549019607843
0.231372549019608 0.270588235294118 0.274509803921569
0.156862745098039 0.141176470588235 0.137254901960784
0.101960784313725 0.113725490196078 0.0784313725490196
0.231372549019608 0.274509803921569 0.211764705882353
0.133333333333333 0.149019607843137 0.113725490196078
0.105882352941176 0.109803921568627 0.0941176470588235
0.36078431372549 0.325490196078431 0.262745098039216
0.172549019607843 0.203921568627451 0.227450980392157
0.192156862745098 0.215686274509804 0.156862745098039
0.145098039215686 0.164705882352941 0.109803921568627
0.145098039215686 0.176470588235294 0.12156862745098
0.101960784313725 0.12156862745098 0.0823529411764706
0.184313725490196 0.188235294117647 0.129411764705882
0.109803921568627 0.149019607843137 0.0941176470588235
0.203921568627451 0.211764705882353 0.211764705882353
0.137254901960784 0.192156862745098 0.156862745098039
0.0117647058823529 0.00784313725490196 0.00392156862745098
0.180392156862745 0.235294117647059 0.266666666666667
0.168627450980392 0.227450980392157 0.262745098039216
0.125490196078431 0.16078431372549 0.184313725490196
0.329411764705882 0.419607843137255 0.486274509803922
0.0980392156862745 0.149019607843137 0.180392156862745
0.188235294117647 0.258823529411765 0.341176470588235
0.0823529411764706 0.0549019607843137 0.0274509803921569
0.180392156862745 0.231372549019608 0.274509803921569
0.113725490196078 0.152941176470588 0.180392156862745
0.23921568627451 0.109803921568627 0.0352941176470588
0.305882352941176 0.0980392156862745 0.0156862745098039
0.376470588235294 0.113725490196078 0.0235294117647059
0.415686274509804 0.294117647058824 0.152941176470588
0.274509803921569 0.203921568627451 0.0784313725490196
0.0509803921568627 0.0196078431372549 0.00784313725490196
0.101960784313725 0.0823529411764706 0.0666666666666667
0.133333333333333 0.168627450980392 0.172549019607843
0.270588235294118 0.219607843137255 0.211764705882353
0.282352941176471 0.211764705882353 0.203921568627451
0.262745098039216 0.266666666666667 0.266666666666667
0.176470588235294 0.164705882352941 0.113725490196078
0.109803921568627 0.105882352941176 0.109803921568627
0.149019607843137 0.133333333333333 0.141176470588235
0.196078431372549 0.152941176470588 0.145098039215686
0.0745098039215686 0.0705882352941176 0.0313725490196078
0.0588235294117647 0.0588235294117647 0.0352941176470588
0.0431372549019608 0.0431372549019608 0.0196078431372549
0.180392156862745 0.156862745098039 0.0823529411764706
0.247058823529412 0.219607843137255 0.133333333333333
0.317647058823529 0.274509803921569 0.203921568627451
0.298039215686275 0.247058823529412 0.164705882352941
0.670588235294118 0.47843137254902 0.274509803921569
0.580392156862745 0.396078431372549 0.215686274509804
0.309803921568627 0.156862745098039 0.0509803921568627
0.2 0.223529411764706 0.168627450980392
0.129411764705882 0.152941176470588 0.0823529411764706
0.243137254901961 0.266666666666667 0.207843137254902
0.266666666666667 0.247058823529412 0.141176470588235
0.392156862745098 0.313725490196078 0.215686274509804
0.113725490196078 0.0666666666666667 0.0156862745098039
0.235294117647059 0.117647058823529 0.0274509803921569
0.258823529411765 0.129411764705882 0.0392156862745098
0.188235294117647 0.149019607843137 0.0862745098039216
0.0509803921568627 0.0313725490196078 0.0352941176470588
0.117647058823529 0.0705882352941176 0.0235294117647059
0.0666666666666667 0.0470588235294118 0.0588235294117647
0.231372549019608 0.16078431372549 0.0941176470588235
0.0980392156862745 0.133333333333333 0.0666666666666667
0.2 0.192156862745098 0.113725490196078
0.133333333333333 0.16078431372549 0.0235294117647059
0.16078431372549 0.188235294117647 0.125490196078431
0.176470588235294 0.250980392156863 0.149019607843137
0.247058823529412 0.243137254901961 0.0980392156862745
0.329411764705882 0.305882352941176 0.247058823529412
0.211764705882353 0.23921568627451 0.243137254901961
0.16078431372549 0.168627450980392 0.145098039215686
0.447058823529412 0.450980392156863 0.454901960784314
0.301960784313725 0.309803921568627 0.298039215686275
0.227450980392157 0.243137254901961 0.235294117647059
0.168627450980392 0.247058823529412 0.137254901960784
0.156862745098039 0.215686274509804 0.133333333333333
0.125490196078431 0.172549019607843 0.0941176470588235
0.215686274509804 0.219607843137255 0.196078431372549
0.247058823529412 0.262745098039216 0.168627450980392
0.23921568627451 0.223529411764706 0.211764705882353
0.141176470588235 0.192156862745098 0.113725490196078
0.125490196078431 0.152941176470588 0.105882352941176
0.0980392156862745 0.125490196078431 0.0666666666666667
0.592156862745098 0.603921568627451 0.564705882352941
0.109803921568627 0.133333333333333 0.0941176470588235
0.0784313725490196 0.105882352941176 0.0549019607843137
0.329411764705882 0.352941176470588 0.309803921568627
0.27843137254902 0.32156862745098 0.203921568627451
0.313725490196078 0.36078431372549 0.294117647058824
0.27843137254902 0.313725490196078 0.188235294117647
0.168627450980392 0.2 0.203921568627451
0.156862745098039 0.223529411764706 0.203921568627451
0.603921568627451 0.627450980392157 0.584313725490196
0.552941176470588 0.556862745098039 0.552941176470588
0.298039215686275 0.290196078431373 0.254901960784314
0.12156862745098 0.164705882352941 0.172549019607843
0.196078431372549 0.227450980392157 0.203921568627451
0.149019607843137 0.16078431372549 0.137254901960784
0.12156862745098 0.207843137254902 0.12156862745098
0.0941176470588235 0.188235294117647 0.0666666666666667
0.149019607843137 0.152941176470588 0.109803921568627
0.203921568627451 0.215686274509804 0.168627450980392
0.227450980392157 0.294117647058824 0.317647058823529
0.0862745098039216 0.129411764705882 0.0882352941176471
0.125490196078431 0.16078431372549 0.0823529411764706
0.0588235294117647 0.109803921568627 0.0862745098039216
0.0980392156862745 0.211764705882353 0.211764705882353
0.427450980392157 0.443137254901961 0.4
0.490196078431373 0.552941176470588 0.466666666666667
0.270588235294118 0.325490196078431 0.211764705882353
0.384313725490196 0.345098039215686 0.262745098039216
0.313725490196078 0.301960784313725 0.266666666666667
0.0901960784313725 0.105882352941176 0.101960784313725
0.141176470588235 0.180392156862745 0.101960784313725
0.101960784313725 0.117647058823529 0.0862745098039216
0.309803921568627 0.337254901960784 0.298039215686275
0.215686274509804 0.203921568627451 0.129411764705882
0.149019607843137 0.2 0.117647058823529
0.133333333333333 0.16078431372549 0.12156862745098
0.125490196078431 0.117647058823529 0.0901960784313725
0.176470588235294 0.196078431372549 0.2
0.215686274509804 0.215686274509804 0.184313725490196
0.145098039215686 0.109803921568627 0.117647058823529
0.803921568627451 0.901960784313726 0.988235294117647
0.145098039215686 0.168627450980392 0.129411764705882
0.117647058823529 0.129411764705882 0.129411764705882
0.0823529411764706 0.101960784313725 0.105882352941176
0.164705882352941 0.152941176470588 0.149019607843137
0.180392156862745 0.188235294117647 0.188235294117647
0.282352941176471 0.203921568627451 0.101960784313725
0.501960784313725 0.517647058823529 0.180392156862745
0.466666666666667 0.43921568627451 0.250980392156863
0.231372549019608 0.188235294117647 0.149019607843137
0.203921568627451 0.105882352941176 0.0470588235294118
0.243137254901961 0.101960784313725 0.0666666666666667
0.145098039215686 0.0627450980392157 0.0313725490196078
0.207843137254902 0.0784313725490196 0.0470588235294118
0.309803921568627 0.152941176470588 0.0745098039215686
0.137254901960784 0.0666666666666667 0.0196078431372549
0.67843137254902 0.392156862745098 0.133333333333333
0.67843137254902 0.372549019607843 0.117647058823529
0.133333333333333 0.141176470588235 0.101960784313725
0.2 0.207843137254902 0.180392156862745
0.215686274509804 0.0901960784313725 0.145098039215686
0.415686274509804 0.270588235294118 0.290196078431373
0.388235294117647 0.384313725490196 0.376470588235294
0.223529411764706 0.309803921568627 0.384313725490196
0.282352941176471 0.27843137254902 0.250980392156863
0.207843137254902 0.207843137254902 0.192156862745098
0.192156862745098 0.196078431372549 0.164705882352941
0.141176470588235 0.149019607843137 0.145098039215686
0.137254901960784 0.141176470588235 0.133333333333333
0.254901960784314 0.258823529411765 0.247058823529412
0.32156862745098 0.313725490196078 0.290196078431373
0.152941176470588 0.0941176470588235 0.0705882352941176
0.0862745098039216 0.0745098039215686 0.0549019607843137
0.435294117647059 0.431372549019608 0.411764705882353
0.352941176470588 0.349019607843137 0.329411764705882
0.745098039215686 0.745098039215686 0.737254901960784
0.423529411764706 0.419607843137255 0.396078431372549
0.168627450980392 0.168627450980392 0.16078431372549
0.0745098039215686 0.0980392156862745 0.0666666666666667
0.0862745098039216 0.109803921568627 0.0784313725490196
0.517647058823529 0.549019607843137 0.47843137254902
0.235294117647059 0.250980392156863 0.192156862745098
0.247058823529412 0.270588235294118 0.196078431372549
0.290196078431373 0.298039215686275 0.247058823529412
0.356862745098039 0.231372549019608 0.133333333333333
0.250980392156863 0.274509803921569 0.309803921568627
0.129411764705882 0.129411764705882 0.125490196078431
0.2 0.2 0.192156862745098
0.152941176470588 0.156862745098039 0.156862745098039
0.0941176470588235 0.0941176470588235 0.0705882352941176
0.215686274509804 0.109803921568627 0.0352941176470588
0.172549019607843 0.125490196078431 0.0862745098039216
0.0901960784313725 0.0941176470588235 0.0862745098039216
0.0941176470588235 0.0901960784313725 0.0235294117647059
0.164705882352941 0.145098039215686 0.133333333333333
0.352941176470588 0.156862745098039 0.0666666666666667
0.290196078431373 0.203921568627451 0.0627450980392157
0.2 0.152941176470588 0.12156862745098
0.254901960784314 0.2 0.243137254901961
0.176470588235294 0.164705882352941 0.117647058823529
0.537254901960784 0.368627450980392 0.435294117647059
0.274509803921569 0.274509803921569 0.266666666666667
0.2 0.2 0.164705882352941
0.301960784313725 0.254901960784314 0.203921568627451
0.384313725490196 0.2 0.113725490196078
0.12156862745098 0.0666666666666667 0.00784313725490196
0.145098039215686 0.0274509803921569 0.00392156862745098
0.2 0.101960784313725 0.0156862745098039
0.313725490196078 0.16078431372549 0.0274509803921569
0.313725490196078 0.113725490196078 0.00392156862745098
0.686274509803922 0.356862745098039 0.172549019607843
0.12156862745098 0.0823529411764706 0.0117647058823529
0.568627450980392 0.56078431372549 0.529411764705882
0.56078431372549 0.513725490196078 0.462745098039216
0.337254901960784 0.329411764705882 0.32156862745098
0.317647058823529 0.305882352941176 0.298039215686275
0.176470588235294 0.168627450980392 0.152941176470588
0.211764705882353 0.270588235294118 0.207843137254902
0.145098039215686 0.0862745098039216 0.0313725490196078
0.105882352941176 0.0627450980392157 0.0196078431372549
0.270588235294118 0.149019607843137 0.0509803921568627
0.525490196078431 0.301960784313725 0.125490196078431
0.254901960784314 0.168627450980392 0.0901960784313725
0.407843137254902 0.231372549019608 0.12156862745098
0.152941176470588 0.0862745098039216 0.0235294117647059
0.2 0.117647058823529 0.0352941176470588
0.00784313725490196 0.0117647058823529 0.00392156862745098
0.0392156862745098 0.0431372549019608 0.0235294117647059
0.0235294117647059 0.0274509803921569 0.00784313725490196
0.345098039215686 0.231372549019608 0.0784313725490196
0.262745098039216 0.243137254901961 0.145098039215686
0.509803921568627 0.490196078431373 0.36078431372549
0.231372549019608 0.203921568627451 0.137254901960784
0.513725490196078 0.447058823529412 0.313725490196078
0.505882352941176 0.450980392156863 0.352941176470588
0.396078431372549 0.345098039215686 0.372549019607843
0.219607843137255 0.188235294117647 0.117647058823529
0.443137254901961 0.4 0.286274509803922
0.517647058823529 0.407843137254902 0.247058823529412
0.341176470588235 0.32156862745098 0.27843137254902
0.341176470588235 0.266666666666667 0.156862745098039
0.67843137254902 0.545098039215686 0.411764705882353
0.725490196078431 0.619607843137255 0.466666666666667
0.72156862745098 0.650980392156863 0.505882352941176
0.945098039215686 0.882352941176471 0.780392156862745
0.976470588235294 0.945098039215686 0.870588235294118
0.458823529411765 0.266666666666667 0.105882352941176
0.380392156862745 0.23921568627451 0.129411764705882
0.501960784313725 0.356862745098039 0.211764705882353
0.176470588235294 0.105882352941176 0.0431372549019608
0.419607843137255 0.247058823529412 0.12156862745098
0.0274509803921569 0.12156862745098 0.0117647058823529
0.0862745098039216 0.235294117647059 0.101960784313725
0.0156862745098039 0.0392156862745098 0.0235294117647059
0.0823529411764706 0.0666666666666667 0.0470588235294118
0.329411764705882 0.407843137254902 0.423529411764706
0.368627450980392 0.470588235294118 0.450980392156863
0.0627450980392157 0.0705882352941176 0.101960784313725
0.419607843137255 0.43921568627451 0.415686274509804
0.184313725490196 0.372549019607843 0.270588235294118
0.113725490196078 0.113725490196078 0.0549019607843137
0.282352941176471 0.243137254901961 0.152941176470588
0.223529411764706 0.129411764705882 0.0431372549019608
0.227450980392157 0.117647058823529 0.0392156862745098
0.266666666666667 0.152941176470588 0.0588235294117647
0.494117647058824 0.329411764705882 0.176470588235294
0.227450980392157 0.12156862745098 0.0470588235294118
0.384313725490196 0.254901960784314 0.133333333333333
0.266666666666667 0.262745098039216 0.227450980392157
0.0705882352941176 0.0823529411764706 0.0470588235294118
0.125490196078431 0.207843137254902 0.313725490196078
0.105882352941176 0.125490196078431 0.0823529411764706
0.137254901960784 0.156862745098039 0.149019607843137
0.109803921568627 0.12156862745098 0.109803921568627
0.43921568627451 0.450980392156863 0.454901960784314
0.388235294117647 0.388235294117647 0.356862745098039
0.36078431372549 0.411764705882353 0.349019607843137
0.325490196078431 0.368627450980392 0.27843137254902
0.47843137254902 0.501960784313725 0.4
0.349019607843137 0.411764705882353 0.282352941176471
0.305882352941176 0.392156862745098 0.254901960784314
0.4 0.407843137254902 0.392156862745098
0.556862745098039 0.215686274509804 0.211764705882353
0.435294117647059 0.450980392156863 0.403921568627451
0.32156862745098 0.384313725490196 0.290196078431373
0.466666666666667 0.517647058823529 0.431372549019608
0.435294117647059 0.454901960784314 0.419607843137255
0.290196078431373 0.364705882352941 0.235294117647059
0.333333333333333 0.333333333333333 0.325490196078431
0.294117647058824 0.2 0.192156862745098
0.211764705882353 0.266666666666667 0.172549019607843
0.274509803921569 0.423529411764706 0.266666666666667
0.372549019607843 0.333333333333333 0.301960784313725
0.145098039215686 0.149019607843137 0.137254901960784
0.396078431372549 0.254901960784314 0.141176470588235
0.0901960784313725 0.0666666666666667 0.0666666666666667
0.313725490196078 0.313725490196078 0.27843137254902
0.341176470588235 0.384313725490196 0.376470588235294
0.125490196078431 0.0627450980392157 0.0274509803921569
0.47843137254902 0.313725490196078 0.133333333333333
0.333333333333333 0.211764705882353 0.0901960784313725
0.223529411764706 0.243137254901961 0.250980392156863
0.0588235294117647 0.0392156862745098 0.0196078431372549
0.329411764705882 0.254901960784314 0.231372549019608
0.349019607843137 0.329411764705882 0.329411764705882
0.435294117647059 0.301960784313725 0.32156862745098
0.0980392156862745 0.0666666666666667 0.0470588235294118
0.16078431372549 0.105882352941176 0.105882352941176
0.494117647058824 0.501960784313725 0.43921568627451
0.407843137254902 0.333333333333333 0.196078431372549
0.313725490196078 0.411764705882353 0.376470588235294
0.576470588235294 0.529411764705882 0.47843137254902
0.329411764705882 0.305882352941176 0.247058823529412
0.368627450980392 0.27843137254902 0.192156862745098
0.517647058823529 0.470588235294118 0.392156862745098
0.745098039215686 0.741176470588235 0.674509803921569
0.474509803921569 0.454901960784314 0.384313725490196
0.184313725490196 0.184313725490196 0.184313725490196
0.149019607843137 0.164705882352941 0.156862745098039
0.27843137254902 0.203921568627451 0.2
0.203921568627451 0.192156862745098 0.16078431372549
0.231372549019608 0.231372549019608 0.219607843137255
0.282352941176471 0.247058823529412 0.23921568627451
0.266666666666667 0.141176470588235 0.0627450980392157
0.427450980392157 0.286274509803922 0.262745098039216
0.211764705882353 0.141176470588235 0.0666666666666667
0.403921568627451 0.270588235294118 0.105882352941176
0.776470588235294 0.635294117647059 0.211764705882353
0.352941176470588 0.309803921568627 0.12156862745098
0.364705882352941 0.376470588235294 0.274509803921569
0.156862745098039 0.164705882352941 0.105882352941176
0.568627450980392 0.462745098039216 0.415686274509804
0.0980392156862745 0.12156862745098 0.117647058823529
0.0509803921568627 0.0352941176470588 0.0196078431372549
0.490196078431373 0.341176470588235 0.156862745098039
0.549019607843137 0.423529411764706 0.247058823529412
0.364705882352941 0.286274509803922 0.117647058823529
0.0588235294117647 0.0352941176470588 0.0235294117647059
0.129411764705882 0.0509803921568627 0.00784313725490196
0.329411764705882 0.176470588235294 0.0666666666666667
0.407843137254902 0.286274509803922 0.0980392156862745
0.109803921568627 0.0588235294117647 0.0313725490196078
0.274509803921569 0.101960784313725 0.0235294117647059
0.164705882352941 0.0862745098039216 0.0352941176470588
0.0509803921568627 0.0235294117647059 0.00784313725490196
0.376470588235294 0.419607843137255 0.380392156862745
0.231372549019608 0.262745098039216 0.156862745098039
0.290196078431373 0.298039215686275 0.247058823529412
0.423529411764706 0.372549019607843 0.325490196078431
0.423529411764706 0.427450980392157 0.415686274509804
0.694117647058824 0.584313725490196 0.580392156862745
0.454901960784314 0.454901960784314 0.43921568627451
0.505882352941176 0.517647058823529 0.513725490196078
0.364705882352941 0.317647058823529 0.243137254901961
0.427450980392157 0.372549019607843 0.301960784313725
0.419607843137255 0.274509803921569 0.113725490196078
0.23921568627451 0.168627450980392 0.0980392156862745
0.337254901960784 0.345098039215686 0.286274509803922
0.43921568627451 0.235294117647059 0.0745098039215686
0.305882352941176 0.203921568627451 0.0901960784313725
0.623529411764706 0.513725490196078 0.364705882352941
0.384313725490196 0.4 0.368627450980392
0.345098039215686 0.341176470588235 0.313725490196078
0.368627450980392 0.4 0.388235294117647
0.117647058823529 0.0862745098039216 0.0431372549019608
0.16078431372549 0.133333333333333 0.133333333333333
0.290196078431373 0.274509803921569 0.223529411764706
0.266666666666667 0.0941176470588235 0.00392156862745098
0.47843137254902 0.266666666666667 0.101960784313725
0.388235294117647 0.396078431372549 0.4
0.36078431372549 0.368627450980392 0.356862745098039
0.537254901960784 0.564705882352941 0.525490196078431
0.109803921568627 0.113725490196078 0.0666666666666667
0.541176470588235 0.533333333333333 0.564705882352941
0.764705882352941 0.662745098039216 0.647058823529412
0.290196078431373 0.203921568627451 0.0901960784313725
0.152941176470588 0.105882352941176 0.0745098039215686
0.403921568627451 0.356862745098039 0.317647058823529
0.247058823529412 0.443137254901961 0.576470588235294
0.184313725490196 0.345098039215686 0.482352941176471
0.372549019607843 0.545098039215686 0.654901960784314
0.384313725490196 0.435294117647059 0.231372549019608
0.192156862745098 0.423529411764706 0.596078431372549
0.211764705882353 0.407843137254902 0.258823529411765
0.541176470588235 0.694117647058824 0.725490196078431
0.470588235294118 0.611764705882353 0.709803921568627
0.541176470588235 0.686274509803922 0.752941176470588
0.529411764705882 0.670588235294118 0.733333333333333
0.282352941176471 0.298039215686275 0.172549019607843
0.505882352941176 0.364705882352941 0.247058823529412
0.258823529411765 0.282352941176471 0.207843137254902
0.372549019607843 0.52156862745098 0.643137254901961
0.462745098039216 0.474509803921569 0.43921568627451
0.376470588235294 0.52156862745098 0.568627450980392
0.325490196078431 0.349019607843137 0.290196078431373
0.290196078431373 0.294117647058824 0.231372549019608
0.27843137254902 0.250980392156863 0.23921568627451
0.345098039215686 0.380392156862745 0.192156862745098
0.117647058823529 0.184313725490196 0.105882352941176
0.407843137254902 0.407843137254902 0.4
0.329411764705882 0.372549019607843 0.286274509803922
0.345098039215686 0.250980392156863 0.141176470588235
0.329411764705882 0.270588235294118 0.145098039215686
0.282352941176471 0.254901960784314 0.250980392156863
0.243137254901961 0.32156862745098 0.219607843137255
0.403921568627451 0.454901960784314 0.345098039215686
0.333333333333333 0.443137254901961 0.294117647058824
0.36078431372549 0.423529411764706 0.317647058823529
0.564705882352941 0.623529411764706 0.627450980392157
0.231372549019608 0.247058823529412 0.215686274509804
0.192156862745098 0.235294117647059 0.113725490196078
0.384313725490196 0.447058823529412 0.317647058823529
0.337254901960784 0.352941176470588 0.345098039215686
0.282352941176471 0.325490196078431 0.227450980392157
0.36078431372549 0.364705882352941 0.294117647058824
0.392156862745098 0.396078431372549 0.380392156862745
0.403921568627451 0.474509803921569 0.462745098039216
0.364705882352941 0.290196078431373 0.258823529411765
0.313725490196078 0.298039215686275 0.309803921568627
0.254901960784314 0.243137254901961 0.184313725490196
0.258823529411765 0.282352941176471 0.0784313725490196
0.419607843137255 0.36078431372549 0.341176470588235
0.376470588235294 0.325490196078431 0.317647058823529
0.454901960784314 0.431372549019608 0.305882352941176
0.333333333333333 0.325490196078431 0.309803921568627
0.352941176470588 0.345098039215686 0.298039215686275
0.411764705882353 0.454901960784314 0.431372549019608
0.345098039215686 0.317647058823529 0.309803921568627
0.403921568627451 0.325490196078431 0.215686274509804
0.356862745098039 0.349019607843137 0.313725490196078
0.176470588235294 0.211764705882353 0.133333333333333
0.4 0.486274509803922 0.52156862745098
0.364705882352941 0.454901960784314 0.47843137254902
0.447058823529412 0.450980392156863 0.247058823529412
0.376470588235294 0.501960784313725 0.580392156862745
0.568627450980392 0.737254901960784 0.83921568627451
0.627450980392157 0.807843137254902 0.917647058823529
0.501960784313725 0.647058823529412 0.733333333333333
0.576470588235294 0.682352941176471 0.741176470588235
0.552941176470588 0.682352941176471 0.764705882352941
0.615686274509804 0.792156862745098 0.917647058823529
0.619607843137255 0.788235294117647 0.894117647058824
0.611764705882353 0.780392156862745 0.886274509803922
0.345098039215686 0.462745098039216 0.537254901960784
0.47843137254902 0.623529411764706 0.705882352941177
0.313725490196078 0.168627450980392 0.101960784313725
0.458823529411765 0.498039215686275 0.501960784313725
0.352941176470588 0.396078431372549 0.415686274509804
0.396078431372549 0.501960784313725 0.56078431372549
0.458823529411765 0.509803921568627 0.52156862745098
0.466666666666667 0.435294117647059 0.407843137254902
0.411764705882353 0.435294117647059 0.407843137254902
0.27843137254902 0.4 0.541176470588235
0.325490196078431 0.325490196078431 0.305882352941176
0.329411764705882 0.27843137254902 0.215686274509804
0.262745098039216 0.325490196078431 0.145098039215686
0.345098039215686 0.36078431372549 0.305882352941176
0.525490196078431 0.458823529411765 0.345098039215686
0.388235294117647 0.4 0.364705882352941
0.388235294117647 0.396078431372549 0.329411764705882
0.545098039215686 0.0705882352941176 0.0588235294117647
0.494117647058824 0.458823529411765 0.43921568627451
0.2 0.184313725490196 0.172549019607843
0.513725490196078 0.498039215686275 0.403921568627451
0.282352941176471 0.443137254901961 0.505882352941176
0.305882352941176 0.345098039215686 0.286274509803922
0.219607843137255 0.247058823529412 0.196078431372549
0.172549019607843 0.317647058823529 0.356862745098039
0.47843137254902 0.419607843137255 0.427450980392157
0.219607843137255 0.407843137254902 0.43921568627451
0.317647058823529 0.349019607843137 0.23921568627451
0.411764705882353 0.368627450980392 0.356862745098039
0.192156862745098 0.231372549019608 0.137254901960784
0.192156862745098 0.176470588235294 0.164705882352941
0.23921568627451 0.270588235294118 0.305882352941176
0.32156862745098 0.333333333333333 0.329411764705882
0.0666666666666667 0.168627450980392 0.27843137254902
0.258823529411765 0.286274509803922 0.250980392156863
0.345098039215686 0.403921568627451 0.309803921568627
0.341176470588235 0.349019607843137 0.313725490196078
0.141176470588235 0.149019607843137 0.12156862745098
0.207843137254902 0.372549019607843 0.329411764705882
0.266666666666667 0.392156862745098 0.537254901960784
0.372549019607843 0.454901960784314 0.196078431372549
0.215686274509804 0.23921568627451 0.188235294117647
0.290196078431373 0.317647058823529 0.282352941176471
0.525490196078431 0.498039215686275 0.490196078431373
0.231372549019608 0.262745098039216 0.243137254901961
0.235294117647059 0.231372549019608 0.172549019607843
0.407843137254902 0.435294117647059 0.431372549019608
0.352941176470588 0.474509803921569 0.427450980392157
0.270588235294118 0.309803921568627 0.207843137254902
0.254901960784314 0.270588235294118 0.247058823529412
0.415686274509804 0.435294117647059 0.372549019607843
0.227450980392157 0.250980392156863 0.227450980392157
0.301960784313725 0.317647058823529 0.211764705882353
0.113725490196078 0.309803921568627 0.152941176470588
0.196078431372549 0.219607843137255 0.176470588235294
0.56078431372549 0.768627450980392 0.964705882352941
0.380392156862745 0.47843137254902 0.52156862745098
0.247058823529412 0.258823529411765 0.188235294117647
0.282352941176471 0.32156862745098 0.337254901960784
0.176470588235294 0.266666666666667 0.235294117647059
0.23921568627451 0.262745098039216 0.254901960784314
0.368627450980392 0.427450980392157 0.364705882352941
0.149019607843137 0.298039215686275 0.262745098039216
0.27843137254902 0.294117647058824 0.231372549019608
0.301960784313725 0.349019607843137 0.290196078431373
0.462745098039216 0.513725490196078 0.4
0.325490196078431 0.352941176470588 0.305882352941176
0.337254901960784 0.396078431372549 0.407843137254902
0.356862745098039 0.435294117647059 0.443137254901961
0.356862745098039 0.486274509803922 0.513725490196078
0.294117647058824 0.423529411764706 0.407843137254902
0.309803921568627 0.4 0.419607843137255
0.172549019607843 0.176470588235294 0.133333333333333
0.349019607843137 0.36078431372549 0.352941176470588
0.407843137254902 0.403921568627451 0.396078431372549
0.329411764705882 0.466666666666667 0.552941176470588
0.203921568627451 0.372549019607843 0.447058823529412
0.392156862745098 0.372549019607843 0.301960784313725
0.305882352941176 0.411764705882353 0.380392156862745
0.215686274509804 0.164705882352941 0.109803921568627
0.290196078431373 0.301960784313725 0.270588235294118
0.349019607843137 0.333333333333333 0.294117647058824
0.4 0.388235294117647 0.364705882352941
0.376470588235294 0.329411764705882 0.211764705882353
0.447058823529412 0.52156862745098 0.411764705882353
0.223529411764706 0.219607843137255 0.137254901960784
0.258823529411765 0.329411764705882 0.243137254901961
0.156862745098039 0.152941176470588 0.0823529411764706
0.376470588235294 0.388235294117647 0.376470588235294
0.203921568627451 0.23921568627451 0.203921568627451
0.145098039215686 0.164705882352941 0.0784313725490196
0.392156862745098 0.415686274509804 0.419607843137255
0.235294117647059 0.219607843137255 0.168627450980392
0.294117647058824 0.337254901960784 0.23921568627451
0.286274509803922 0.313725490196078 0.243137254901961
0.12156862745098 0.125490196078431 0.0745098039215686
0.168627450980392 0.145098039215686 0.141176470588235
0.333333333333333 0.396078431372549 0.32156862745098
0.266666666666667 0.262745098039216 0.247058823529412
0.341176470588235 0.227450980392157 0.227450980392157
0.250980392156863 0.219607843137255 0.192156862745098
0.235294117647059 0.227450980392157 0.23921568627451
0.56078431372549 0.670588235294118 0.72156862745098
0.364705882352941 0.509803921568627 0.611764705882353
0.329411764705882 0.490196078431373 0.603921568627451
0.396078431372549 0.462745098039216 0.52156862745098
0.258823529411765 0.282352941176471 0.274509803921569
0.368627450980392 0.380392156862745 0.301960784313725
0.254901960784314 0.286274509803922 0.286274509803922
0.16078431372549 0.290196078431373 0.388235294117647
0.149019607843137 0.235294117647059 0.247058823529412
0.345098039215686 0.36078431372549 0.4
0.415686274509804 0.372549019607843 0.333333333333333
0.329411764705882 0.411764705882353 0.4
0.196078431372549 0.192156862745098 0.207843137254902
0.235294117647059 0.231372549019608 0.243137254901961
0.513725490196078 0.525490196078431 0.517647058823529
0.349019607843137 0.376470588235294 0.372549019607843
0.227450980392157 0.274509803921569 0.250980392156863
0.286274509803922 0.270588235294118 0.219607843137255
0.203921568627451 0.196078431372549 0.176470588235294
0.36078431372549 0.345098039215686 0.329411764705882
0.286274509803922 0.270588235294118 0.250980392156863
0.219607843137255 0.203921568627451 0.145098039215686
0.27843137254902 0.223529411764706 0.192156862745098
0.345098039215686 0.329411764705882 0.345098039215686
0.325490196078431 0.396078431372549 0.388235294117647
0.254901960784314 0.282352941176471 0.227450980392157
0.282352941176471 0.443137254901961 0.549019607843137
0.16078431372549 0.152941176470588 0.133333333333333
0.105882352941176 0.12156862745098 0.101960784313725
0.0117647058823529 0.0117647058823529 0.0156862745098039
0.215686274509804 0.254901960784314 0.219607843137255
0.462745098039216 0.443137254901961 0.411764705882353
0.337254901960784 0.411764705882353 0.47843137254902
0.282352941176471 0.396078431372549 0.482352941176471
0.447058823529412 0.454901960784314 0.423529411764706
0.290196078431373 0.372549019607843 0.415686274509804
0.486274509803922 0.572549019607843 0.631372549019608
0.431372549019608 0.509803921568627 0.556862745098039
0.345098039215686 0.431372549019608 0.505882352941176
0.4 0.388235294117647 0.384313725490196
0.282352941176471 0.274509803921569 0.12156862745098
0.188235294117647 0.219607843137255 0.149019607843137
0.407843137254902 0.427450980392157 0.392156862745098
0.32156862745098 0.298039215686275 0.294117647058824
0.152941176470588 0.188235294117647 0.152941176470588
0.172549019607843 0.2 0.16078431372549
0.243137254901961 0.36078431372549 0.419607843137255
0.407843137254902 0.443137254901961 0.435294117647059
0.431372549019608 0.427450980392157 0.407843137254902
0.396078431372549 0.337254901960784 0.23921568627451
0.113725490196078 0.125490196078431 0.109803921568627
0.305882352941176 0.333333333333333 0.258823529411765
0.180392156862745 0.184313725490196 0.172549019607843
0.152941176470588 0.270588235294118 0.133333333333333
0.333333333333333 0.325490196078431 0.274509803921569
0.415686274509804 0.419607843137255 0.415686274509804
0.392156862745098 0.403921568627451 0.4
0.376470588235294 0.309803921568627 0.294117647058824
0.376470588235294 0.388235294117647 0.392156862745098
0.282352941176471 0.309803921568627 0.294117647058824
0.364705882352941 0.317647058823529 0.301960784313725
0.125490196078431 0.117647058823529 0.0941176470588235
0.392156862745098 0.427450980392157 0.43921568627451
0.133333333333333 0.133333333333333 0.129411764705882
0.219607843137255 0.231372549019608 0.196078431372549
0.462745098039216 0.450980392156863 0.458823529411765
0.23921568627451 0.152941176470588 0.133333333333333
0.454901960784314 0.458823529411765 0.372549019607843
0.231372549019608 0.192156862745098 0.141176470588235
0.149019607843137 0.211764705882353 0.180392156862745
0.258823529411765 0.223529411764706 0.137254901960784
0.364705882352941 0.431372549019608 0.325490196078431
0.329411764705882 0.352941176470588 0.352941176470588
0.317647058823529 0.372549019607843 0.290196078431373
0.235294117647059 0.341176470588235 0.380392156862745
0.356862745098039 0.427450980392157 0.290196078431373
0.36078431372549 0.329411764705882 0.164705882352941
0.36078431372549 0.403921568627451 0.172549019607843
0.32156862745098 0.325490196078431 0.247058823529412
0.415686274509804 0.411764705882353 0.192156862745098
0.356862745098039 0.376470588235294 0.180392156862745
0.207843137254902 0.313725490196078 0.247058823529412
0.188235294117647 0.274509803921569 0.188235294117647
0.164705882352941 0.266666666666667 0.184313725490196
0.282352941176471 0.349019607843137 0.172549019607843
0.388235294117647 0.470588235294118 0.329411764705882
0.313725490196078 0.270588235294118 0.192156862745098
0.329411764705882 0.301960784313725 0.23921568627451
0.341176470588235 0.317647058823529 0.309803921568627
0.592156862745098 0.411764705882353 0.133333333333333
0.549019607843137 0.0980392156862745 0.101960784313725
0.501960784313725 0.415686274509804 0.274509803921569
0.443137254901961 0.380392156862745 0.207843137254902
0.372549019607843 0.254901960784314 0.0784313725490196
